1	0	1
1	0.04	0.9216
1	0.08	0.8464
1	0.12	0.7744
1	0.16	0.7056
1	0.2	0.64
1	0.24	0.5776
1	0.28	0.5184
1	0.32	0.4624
1	0.36	0.4096
1	0.4	0.36
1	0.44	0.3136
1	0.48	0.2704
1	0.52	0.2304
1	0.56	0.1936
1	0.6	0.16
1	0.64	0.1296
1	0.68	0.1024
1	0.72	0.0784
1	0.76	0.0576
1	0.8	0.04
1	0.84	0.0256
1	0.88	0.0144
1	0.92	0.0064
1	0.96	0.0016
1	1	0
1	1.04	0.0016
1	1.08	0.0064
1	1.12	0.0144
1	1.16	0.0256
1	1.2	0.04
1	1.24	0.0576
1	1.28	0.0784
1	1.32	0.1024
1	1.36	0.1296
1	1.4	0.16
1	1.44	0.1936
1	1.48	0.2304
1	1.52	0.2704
1	1.56	0.3136
1	1.6	0.36
1	1.64	0.4096
1	1.68	0.4624
1	1.72	0.5184
1	1.76	0.5776
1	1.8	0.64
1	1.84	0.7056
1	1.88	0.7744
1	1.92	0.8464
1	1.96	0.9216
1	2	1
1.02	0	1.0404
1.02	0.04	0.960399
1.02	0.08	0.883598
1.02	0.12	0.809997
1.02	0.16	0.739596
1.02	0.2	0.672395
1.02	0.24	0.608394
1.02	0.28	0.547593
1.02	0.32	0.489992
1.02	0.36	0.435591
1.02	0.4	0.38439
1.02	0.44	0.336389
1.02	0.48	0.291589
1.02	0.52	0.249988
1.02	0.56	0.211587
1.02	0.6	0.176387
1.02	0.64	0.144386
1.02	0.68	0.115586
1.02	0.72	0.0899851
1.02	0.76	0.0675848
1.02	0.8	0.0483845
1.02	0.84	0.0323842
1.02	0.88	0.019584
1.02	0.92	0.00998393
1.02	0.96	0.00358388
1.02	1	0.000383897
1.02	1.04	0.000383977
1.02	1.08	0.00358412
1.02	1.12	0.00998432
1.02	1.16	0.0195846
1.02	1.2	0.0323849
1.02	1.24	0.0483853
1.02	1.28	0.0675857
1.02	1.32	0.0899862
1.02	1.36	0.115587
1.02	1.4	0.144387
1.02	1.44	0.176388
1.02	1.48	0.211589
1.02	1.52	0.249989
1.02	1.56	0.29159
1.02	1.6	0.336391
1.02	1.64	0.384392
1.02	1.68	0.435593
1.02	1.72	0.489993
1.02	1.76	0.547594
1.02	1.8	0.608395
1.02	1.84	0.672396
1.02	1.88	0.739597
1.02	1.92	0.809998
1.02	1.96	0.883599
1.02	2	0.9604
1.04	0	1.0816
1.04	0.04	0.999998
1.04	0.08	0.921596
1.04	0.12	0.846394
1.04	0.16	0.774392
1.04	0.2	0.70559
1.04	0.24	0.639988
1.04	0.28	0.577586
1.04	0.32	0.518384
1.04	0.36	0.462382
1.04	0.4	0.40958
1.04	0.44	0.359979
1.04	0.48	0.313577
1.04	0.52	0.270376
1.04	0.56	0.230374
1.04	0.6	0.193573
1.04	0.64	0.159972
1.04	0.68	0.129571
1.04	0.72	0.10237
1.04	0.76	0.0783696
1.04	0.8	0.057569
1.04	0.84	0.0399686
1.04	0.88	0.0255682
1.04	0.92	0.014368
1.04	0.96	0.00636789
1.04	1	0.00156792
1.04	1.04	-3.19192e-05
1.04	1.08	0.00156836
1.04	1.12	0.00636877
1.04	1.16	0.0143693
1.04	1.2	0.0255699
1.04	1.24	0.0399707
1.04	1.28	0.0575716
1.04	1.32	0.0783725
1.04	1.36	0.102374
1.04	1.4	0.129575
1.04	1.44	0.159976
1.04	1.48	0.193577
1.04	1.52	0.230379
1.04	1.56	0.27038
1.04	1.6	0.313582
1.04	1.64	0.359984
1.04	1.68	0.409585
1.04	1.72	0.462387
1.04	1.76	0.518389
1.04	1.8	0.577591
1.04	1.84	0.639992
1.04	1.88	0.705594
1.04	1.92	0.774396
1.04	1.96	0.846398
1.04	2	0.9216
1.06	0	1.1236
1.06	0.04	1.0404
1.06	0.08	0.960394
1.06	0.12	0.88359
1.06	0.16	0.809987
1.06	0.2	0.739584
1.06	0.24	0.672381
1.06	0.28	0.608379
1.06	0.32	0.547576
1.06	0.36	0.489973
1.06	0.4	0.435571
1.06	0.44	0.384368
1.06	0.48	0.336366
1.06	0.52	0.291564
1.06	0.56	0.249962
1.06	0.6	0.21156
1.06	0.64	0.176359
1.06	0.68	0.144357
1.06	0.72	0.115556
1.06	0.76	0.0899547
1.06	0.8	0.0675538
1.06	0.84	0.0483531
1.06	0.88	0.0323526
1.06	0.92	0.0195522
1.06	0.96	0.00995209
1.06	1	0.00355214
1.06	1.04	0.000352373
1.06	1.08	0.000352796
1.06	1.12	0.0035534
1.06	1.16	0.00995419
1.06	1.2	0.0195551
1.06	1.24	0.0323563
1.06	1.28	0.0483576
1.06	1.32	0.067559
1.06	1.36	0.0899606
1.06	1.4	0.115562
1.06	1.44	0.144364
1.06	1.48	0.176366
1.06	1.52	0.211568
1.06	1.56	0.249971
1.06	1.6	0.291573
1.06	1.64	0.336375
1.06	1.68	0.384378
1.06	1.72	0.435581
1.06	1.76	0.489983
1.06	1.8	0.547586
1.06	1.84	0.608389
1.06	1.88	0.672392
1.06	1.92	0.739594
1.06	1.96	0.809997
1.06	2	0.8836
1.08	0	1.1664
1.08	0.04	1.0816
1.08	0.08	0.999992
1.08	0.12	0.921587
1.08	0.16	0.846383
1.08	0.2	0.774379
1.08	0.24	0.705575
1.08	0.28	0.639972
1.08	0.32	0.577568
1.08	0.36	0.518364
1.08	0.4	0.462361
1.08	0.44	0.409558
1.08	0.48	0.359955
1.08	0.52	0.313552
1.08	0.56	0.27035
1.08	0.6	0.230347
1.08	0.64	0.193545
1.08	0.68	0.159943
1.08	0.72	0.129541
1.08	0.76	0.10234
1.08	0.8	0.0783388
1.08	0.84	0.0575379
1.08	0.88	0.0399372
1.08	0.92	0.0255367
1.08	0.96	0.0143365
1.08	1	0.0063366
1.08	1.04	0.00153691
1.08	1.08	-6.25249e-05
1.08	1.12	0.00153828
1.08	1.16	0.00633932
1.08	1.2	0.0143406
1.08	1.24	0.0255421
1.08	1.28	0.0399438
1.08	1.32	0.0575457
1.08	1.36	0.0783479
1.08	1.4	0.10235
1.08	1.44	0.129553
1.08	1.48	0.159955
1.08	1.52	0.193558
1.08	1.56	0.230361
1.08	1.6	0.270364
1.08	1.64	0.313568
1.08	1.68	0.359971
1.08	1.72	0.409574
1.08	1.76	0.462378
1.08	1.8	0.518381
1.08	1.84	0.577585
1.08	1.88	0.639989
1.08	1.92	0.705593
1.08	1.96	0.774396
1.08	2	0.8464
1.1	0	1.21
1.1	0.04	1.12359
1.1	0.08	1.04039
1.1	0.12	0.960384
1.1	0.16	0.883579
1.1	0.2	0.809974
1.1	0.24	0.739569
1.1	0.28	0.672365
1.1	0.32	0.60836
1.1	0.36	0.547556
1.1	0.4	0.489952
1.1	0.44	0.435548
1.1	0.48	0.384344
1.1	0.52	0.33634
1.1	0.56	0.291537
1.1	0.6	0.249934
1.1	0.64	0.211532
1.1	0.68	0.176329
1.1	0.72	0.144327
1.1	0.76	0.115525
1.1	0.8	0.0899238
1.1	0.84	0.0675226
1.1	0.88	0.0483218
1.1	0.92	0.0323212
1.1	0.96	0.019521
1.1	1	0.00992107
1.1	1.04	0.00352146
1.1	1.08	0.000322154
1.1	1.12	0.000323155
1.1	1.16	0.00352445
1.1	1.2	0.00992604
1.1	1.24	0.0195279
1.1	1.28	0.03233
1.1	1.32	0.0483324
1.1	1.36	0.0675351
1.1	1.4	0.089938
1.1	1.44	0.115541
1.1	1.48	0.144344
1.1	1.52	0.176348
1.1	1.56	0.211552
1.1	1.6	0.249956
1.1	1.64	0.29156
1.1	1.68	0.336364
1.1	1.72	0.384368
1.1	1.76	0.435572
1.1	1.8	0.489977
1.1	1.84	0.547581
1.1	1.88	0.608386
1.1	1.92	0.672391
1.1	1.96	0.739595
1.1	2	0.81
1.12	0	1.2544
1.12	0.04	1.16639
1.12	0.08	1.08159
1.12	0.12	0.999981
1.12	0.16	0.921575
1.12	0.2	0.846369
1.12	0.24	0.774364
1.12	0.28	0.705558
1.12	0.32	0.639953
1.12	0.36	0.577547
1.12	0.4	0.518342
1.12	0.44	0.462338
1.12	0.48	0.409533
1.12	0.52	0.359929
1.12	0.56	0.313525
1.12	0.6	0.270322
1.12	0.64	0.230319
1.12	0.68	0.193516
1.12	0.72	0.159913
1.12	0.76	0.129511
1.12	0.8	0.102309
1.12	0.84	0.078308
1.12	0.88	0.057507
1.12	0.92	0.0399063
1.12	0.96	0.0255061
1.12	1	0.0143062
1.12	1.04	0.00630662
1.12	1.08	0.00150745
1.12	1.12	-9.13637e-05
1.12	1.16	0.00151018
1.12	1.2	0.00631206
1.12	1.24	0.0143143
1.12	1.28	0.0255168
1.12	1.32	0.0399197
1.12	1.36	0.0575228
1.12	1.4	0.0783263
1.12	1.44	0.10233
1.12	1.48	0.129534
1.12	1.52	0.159938
1.12	1.56	0.193543
1.12	1.6	0.230347
1.12	1.64	0.270352
1.12	1.68	0.313557
1.12	1.72	0.359962
1.12	1.76	0.409567
1.12	1.8	0.462373
1.12	1.84	0.518378
1.12	1.88	0.577583
1.12	1.92	0.639989
1.12	1.96	0.705594
1.12	2	0.7744
1.14	0	1.2996
1.14	0.04	1.20999
1.14	0.08	1.12359
1.14	0.12	1.04038
1.14	0.16	0.960371
1.14	0.2	0.883565
1.14	0.24	0.809958
1.14	0.28	0.739551
1.14	0.32	0.672345
1.14	0.36	0.608339
1.14	0.4	0.547534
1.14	0.44	0.489928
1.14	0.48	0.435523
1.14	0.52	0.384318
1.14	0.56	0.336314
1.14	0.6	0.29151
1.14	0.64	0.249906
1.14	0.68	0.211503
1.14	0.72	0.1763
1.14	0.76	0.144297
1.14	0.8	0.115495
1.14	0.84	0.0898938
1.14	0.88	0.0674926
1.14	0.92	0.0482919
1.14	0.96	0.0322916
1.14	1	0.0194917
1.14	1.04	0.00989221
1.14	1.08	0.00349316
1.14	1.12	0.000294535
1.14	1.16	0.000296314
1.14	1.2	0.00349849
1.14	1.24	0.00990105
1.14	1.28	0.019504
1.14	1.32	0.0323073
1.14	1.36	0.0483109
1.14	1.4	0.0675149
1.14	1.44	0.0899192
1.14	1.48	0.115524
1.14	1.52	0.144329
1.14	1.56	0.176334
1.14	1.6	0.211539
1.14	1.64	0.249945
1.14	1.68	0.29155
1.14	1.72	0.336356
1.14	1.76	0.384362
1.14	1.8	0.435568
1.14	1.84	0.489975
1.14	1.88	0.547581
1.14	1.92	0.608387
1.14	1.96	0.672394
1.14	2	0.7396
1.16	0	1.3456
1.16	0.04	1.25439
1.16	0.08	1.16638
1.16	0.12	1.08158
1.16	0.16	0.999968
1.16	0.2	0.92156
1.16	0.24	0.846352
1.16	0.28	0.774345
1.16	0.32	0.705538
1.16	0.36	0.639931
1.16	0.4	0.577525
1.16	0.44	0.518318
1.16	0.48	0.462313
1.16	0.52	0.409507
1.16	0.56	0.359902
1.16	0.6	0.313498
1.16	0.64	0.270294
1.16	0.68	0.23029
1.16	0.72	0.193487
1.16	0.76	0.159884
1.16	0.8	0.129481
1.16	0.84	0.10228
1.16	0.88	0.0782783
1.16	0.92	0.0574774
1.16	0.96	0.0398771
1.16	1	0.0254772
1.16	1.04	0.0142778
1.16	1.08	0.00627888
1.16	1.12	0.00148044
1.16	1.16	-0.000117548
1.16	1.2	0.00148492
1.16	1.24	0.00628782
1.16	1.28	0.0142911
1.16	1.32	0.0254949
1.16	1.36	0.039899
1.16	1.4	0.0575035
1.16	1.44	0.0783083
1.16	1.48	0.102314
1.16	1.52	0.129519
1.16	1.56	0.159925
1.16	1.6	0.193531
1.16	1.64	0.230337
1.16	1.68	0.270344
1.16	1.72	0.31355
1.16	1.76	0.359957
1.16	1.8	0.409564
1.16	1.84	0.462371
1.16	1.88	0.518378
1.16	1.92	0.577586
1.16	1.96	0.639993
1.16	2	0.7056
1.18	0	1.3924
1.18	0.04	1.29959
1.18	0.08	1.20998
1.18	0.12	1.12357
1.18	0.16	1.04036
1.18	0.2	0.960355
1.18	0.24	0.883547
1.18	0.28	0.809939
1.18	0.32	0.739531
1.18	0.36	0.672324
1.18	0.4	0.608316
1.18	0.44	0.54751
1.18	0.48	0.489903
1.18	0.52	0.435497
1.18	0.56	0.384292
1.18	0.6	0.336286
1.18	0.64	0.291482
1.18	0.68	0.249878
1.18	0.72	0.211474
1.18	0.76	0.176271
1.18	0.8	0.144268
1.18	0.84	0.115466
1.18	0.88	0.0898649
1.18	0.92	0.0674639
1.18	0.96	0.0482635
1.18	1	0.0322637
1.18	1.04	0.0194643
1.18	1.08	0.00986555
1.18	1.12	0.00346728
1.18	1.16	0.000269515
1.18	1.2	0.000272253
1.18	1.24	0.00347548
1.18	1.28	0.00987917
1.18	1.32	0.0194833
1.18	1.36	0.0322879
1.18	1.4	0.0482929
1.18	1.44	0.0674983
1.18	1.48	0.089904
1.18	1.52	0.11551
1.18	1.56	0.144317
1.18	1.6	0.176323
1.18	1.64	0.21153
1.18	1.68	0.249937
1.18	1.72	0.291545
1.18	1.76	0.336352
1.18	1.8	0.38436
1.18	1.84	0.435568
1.18	1.88	0.489976
1.18	1.92	0.547584
1.18	1.96	0.608392
1.18	2	0.6724
1.2	0	1.44
1.2	0.04	1.34559
1.2	0.08	1.25438
1.2	0.12	1.16637
1.2	0.16	1.08156
1.2	0.2	0.999951
1.2	0.24	0.921542
1.2	0.28	0.846333
1.2	0.32	0.774325
1.2	0.36	0.705516
1.2	0.4	0.639908
1.2	0.44	0.577501
1.2	0.48	0.518294
1.2	0.52	0.462287
1.2	0.56	0.409481
1.2	0.6	0.359876
1.2	0.64	0.313471
1.2	0.68	0.270266
1.2	0.72	0.230262
1.2	0.76	0.193459
1.2	0.8	0.159856
1.2	0.84	0.129454
1.2	0.88	0.102252
1.2	0.92	0.078251
1.2	0.96	0.0574506
1.2	1	0.0398507
1.2	1.04	0.0254515
1.2	1.08	0.0142528
1.2	1.12	0.00625469
1.2	1.16	0.00145714
1.2	1.2	-0.000139859
1.2	1.24	0.00146367
1.2	1.28	0.00626771
1.2	1.32	0.0142722
1.2	1.36	0.0254773
1.2	1.4	0.0398827
1.2	1.44	0.0574886
1.2	1.48	0.0782949
1.2	1.52	0.102302
1.2	1.56	0.129509
1.2	1.6	0.159916
1.2	1.64	0.193524
1.2	1.68	0.230331
1.2	1.72	0.27034
1.2	1.76	0.313548
1.2	1.8	0.359956
1.2	1.84	0.409565
1.2	1.88	0.462374
1.2	1.92	0.518382
1.2	1.96	0.577591
1.2	2	0.64
1.22	0	1.4884
1.22	0.04	1.39239
1.22	0.08	1.29958
1.22	0.12	1.20997
1.22	0.16	1.12356
1.22	0.2	1.04035
1.22	0.24	0.960337
1.22	0.28	0.883527
1.22	0.32	0.809918
1.22	0.36	0.739509
1.22	0.4	0.6723
1.22	0.44	0.608292
1.22	0.48	0.547485
1.22	0.52	0.489878
1.22	0.56	0.435471
1.22	0.6	0.384265
1.22	0.64	0.336259
1.22	0.68	0.291454
1.22	0.72	0.24985
1.22	0.76	0.211446
1.22	0.8	0.176243
1.22	0.84	0.144241
1.22	0.88	0.115439
1.22	0.92	0.0898381
1.22	0.96	0.0674377
1.22	1	0.0482378
1.22	1.04	0.0322386
1.22	1.08	0.0194401
1.22	1.12	0.00984211
1.22	1.16	0.00344477
1.22	1.2	0.000248031
1.22	1.24	0.000251865
1.22	1.28	0.00345626
1.22	1.32	0.00986119
1.22	1.36	0.0194666
1.22	1.4	0.0322726
1.22	1.44	0.048279
1.22	1.48	0.0674858
1.22	1.52	0.089893
1.22	1.56	0.115501
1.22	1.6	0.144309
1.22	1.64	0.176317
1.22	1.68	0.211525
1.22	1.72	0.249934
1.22	1.76	0.291543
1.22	1.8	0.336353
1.22	1.84	0.384362
1.22	1.88	0.435571
1.22	1.92	0.489981
1.22	1.96	0.54759
1.22	2	0.6084
1.24	0	1.5376
1.24	0.04	1.43999
1.24	0.08	1.34558
1.24	0.12	1.25437
1.24	0.16	1.16635
1.24	0.2	1.08154
1.24	0.24	0.999933
1.24	0.28	0.921522
1.24	0.32	0.846312
1.24	0.36	0.774303
1.24	0.4	0.705493
1.24	0.44	0.639885
1.24	0.48	0.577476
1.24	0.52	0.518269
1.24	0.56	0.462262
1.24	0.6	0.409455
1.24	0.64	0.359849
1.24	0.68	0.313444
1.24	0.72	0.270239
1.24	0.76	0.230235
1.24	0.8	0.193432
1.24	0.84	0.15983
1.24	0.88	0.129428
1.24	0.92	0.102227
1.24	0.96	0.078226
1.24	1	0.0574262
1.24	1.04	0.039827
1.24	1.08	0.0254286
1.24	1.12	0.0142308
1.24	1.16	0.00623363
1.24	1.2	0.00143712
1.24	1.24	-0.000158773
1.24	1.28	0.00144593
1.24	1.32	0.00625122
1.24	1.36	0.0142571
1.24	1.4	0.0254634
1.24	1.44	0.0398703
1.24	1.48	0.0574776
1.24	1.52	0.0782854
1.24	1.56	0.102294
1.24	1.6	0.129502
1.24	1.64	0.159911
1.24	1.68	0.19352
1.24	1.72	0.23033
1.24	1.76	0.270339
1.24	1.8	0.313549
1.24	1.84	0.359959
1.24	1.88	0.409569
1.24	1.92	0.46238
1.24	1.96	0.51839
1.24	2	0.5776
1.26	0	1.5876
1.26	0.04	1.48839
1.26	0.08	1.39238
1.26	0.12	1.29956
1.26	0.16	1.20995
1.26	0.2	1.12354
1.26	0.24	1.04033
1.26	0.28	0.960317
1.26	0.32	0.883507
1.26	0.36	0.809896
1.26	0.4	0.739487
1.26	0.44	0.672277
1.26	0.48	0.608269
1.26	0.52	0.547461
1.26	0.56	0.489853
1.26	0.6	0.435446
1.26	0.64	0.38424
1.26	0.68	0.336234
1.26	0.72	0.291429
1.26	0.76	0.249825
1.26	0.8	0.211422
1.26	0.84	0.176219
1.26	0.88	0.144217
1.26	0.92	0.115416
1.26	0.96	0.0898151
1.26	1	0.0674153
1.26	1.04	0.0482162
1.26	1.08	0.0322178
1.26	1.12	0.0194201
1.26	1.16	0.00982318
1.26	1.2	0.00342689
1.26	1.24	0.000231256
1.26	1.28	0.000236259
1.26	1.32	0.00344187
1.26	1.36	0.00984808
1.26	1.4	0.0194548
1.26	1.44	0.0322621
1.26	1.48	0.0482699
1.26	1.52	0.0674782
1.26	1.56	0.0898869
1.26	1.6	0.115496
1.26	1.64	0.144305
1.26	1.68	0.176315
1.26	1.72	0.211525
1.26	1.76	0.249935
1.26	1.8	0.291546
1.26	1.84	0.336357
1.26	1.88	0.384367
1.26	1.92	0.435578
1.26	1.96	0.489989
1.26	2	0.5476
1.28	0	1.6384
1.28	0.04	1.53759
1.28	0.08	1.43997
1.28	0.12	1.34556
1.28	0.16	1.25435
1.28	0.2	1.16634
1.28	0.24	1.08152
1.28	0.28	0.999912
1.28	0.32	0.921501
1.28	0.36	0.84629
1.28	0.4	0.77428
1.28	0.44	0.70547
1.28	0.48	0.639861
1.28	0.52	0.577452
1.28	0.56	0.518244
1.28	0.6	0.462237
1.28	0.64	0.40943
1.28	0.68	0.359824
1.28	0.72	0.313419
1.28	0.76	0.270215
1.28	0.8	0.230211
1.28	0.84	0.193408
1.28	0.88	0.159806
1.28	0.92	0.129405
1.28	0.96	0.102204
1.28	1	0.0782043
1.28	1.04	0.0574053
1.28	1.08	0.039807
1.28	1.12	0.0254095
1.28	1.16	0.0142127
1.28	1.2	0.00621666
1.28	1.24	0.00142129
1.28	1.28	-0.000173413
1.28	1.32	0.00143253
1.28	1.36	0.0062391
1.28	1.4	0.0142463
1.28	1.44	0.025454
1.28	1.48	0.0398622
1.28	1.52	0.057471
1.28	1.56	0.0782802
1.28	1.6	0.10229
1.28	1.64	0.1295
1.28	1.68	0.15991
1.28	1.72	0.193521
1.28	1.76	0.230332
1.28	1.8	0.270343
1.28	1.84	0.313554
1.28	1.88	0.359965
1.28	1.92	0.409577
1.28	1.96	0.462388
1.28	2	0.5184
1.3	0	1.69
1.3	0.04	1.58759
1.3	0.08	1.48837
1.3	0.12	1.39236
1.3	0.16	1.29955
1.3	0.2	1.20993
1.3	0.24	1.12352
1.3	0.28	1.04031
1.3	0.32	0.960296
1.3	0.36	0.883485
1.3	0.4	0.809874
1.3	0.44	0.739464
1.3	0.48	0.672254
1.3	0.52	0.608245
1.3	0.56	0.547437
1.3	0.6	0.489829
1.3	0.64	0.435422
1.3	0.68	0.384216
1.3	0.72	0.336211
1.3	0.76	0.291406
1.3	0.8	0.249802
1.3	0.84	0.211399
1.3	0.88	0.176197
1.3	0.92	0.144195
1.3	0.96	0.115395
1.3	1	0.089795
1.3	1.04	0.067396
1.3	1.08	0.0481978
1.3	1.12	0.0322004
1.3	1.16	0.0194038
1.3	1.2	0.00980788
1.3	1.24	0.00341273
1.3	1.28	0.000218279
1.3	1.32	0.000224511
1.3	1.36	0.00343139
1.3	1.4	0.0098389
1.3	1.44	0.019447
1.3	1.48	0.0322556
1.3	1.52	0.0482648
1.3	1.56	0.0674744
1.3	1.6	0.0898845
1.3	1.64	0.115495
1.3	1.68	0.144306
1.3	1.72	0.176317
1.3	1.76	0.211528
1.3	1.8	0.24994
1.3	1.84	0.291552
1.3	1.88	0.336364
1.3	1.92	0.384376
1.3	1.96	0.435588
1.3	2	0.49
1.32	0	1.7424
1.32	0.04	1.63839
1.32	0.08	1.53757
1.32	0.12	1.43996
1.32	0.16	1.34554
1.32	0.2	1.25433
1.32	0.24	1.16632
1.32	0.28	1.0815
1.32	0.32	0.999892
1.32	0.36	0.92148
1.32	0.4	0.846269
1.32	0.44	0.774258
1.32	0.48	0.705448
1.32	0.52	0.639839
1.32	0.56	0.57743
1.32	0.6	0.518222
1.32	0.64	0.462215
1.32	0.68	0.409408
1.32	0.72	0.359803
1.32	0.76	0.313398
1.32	0.8	0.270194
1.32	0.84	0.230191
1.32	0.88	0.193388
1.32	0.92	0.159787
1.32	0.96	0.129386
1.32	1	0.102186
1.32	1.04	0.0781875
1.32	1.08	0.0573894
1.32	1.12	0.0397921
1.32	1.16	0.0253956
1.32	1.2	0.0141999
1.32	1.24	0.00620494
1.32	1.28	0.00141072
1.32	1.32	-0.000182789
1.32	1.36	0.00142438
1.32	1.4	0.00623219
1.32	1.44	0.0142406
1.32	1.48	0.0254496
1.32	1.52	0.0398592
1.32	1.56	0.0574692
1.32	1.6	0.0782797
1.32	1.64	0.102291
1.32	1.68	0.129502
1.32	1.72	0.159914
1.32	1.76	0.193525
1.32	1.8	0.230338
1.32	1.84	0.27035
1.32	1.88	0.313562
1.32	1.92	0.359975
1.32	1.96	0.409587
1.32	2	0.4624
1.34	0	1.7956
1.34	0.04	1.68999
1.34	0.08	1.58757
1.34	0.12	1.48836
1.34	0.16	1.39234
1.34	0.2	1.29953
1.34	0.24	1.20991
1.34	0.28	1.1235
1.34	0.32	1.04029
1.34	0.36	0.960275
1.34	0.4	0.883464
1.34	0.44	0.809853
1.34	0.48	0.739442
1.34	0.52	0.672232
1.34	0.56	0.608223
1.34	0.6	0.547415
1.34	0.64	0.489807
1.34	0.68	0.435401
1.34	0.72	0.384195
1.34	0.76	0.33619
1.34	0.8	0.291386
1.34	0.84	0.249782
1.34	0.88	0.21138
1.34	0.92	0.176178
1.34	0.96	0.144178
1.34	1	0.115378
1.34	1.04	0.089779
1.34	1.08	0.067381
1.34	1.12	0.0481838
1.34	1.16	0.0321874
1.34	1.2	0.0193919
1.34	1.24	0.00979715
1.34	1.28	0.00340316
1.34	1.32	0.000209915
1.34	1.36	0.00021737
1.34	1.4	0.0034255
1.34	1.44	0.00983426
1.34	1.48	0.0194436
1.34	1.52	0.0322535
1.34	1.56	0.048264
1.34	1.6	0.0674749
1.34	1.64	0.0898862
1.34	1.68	0.115498
1.34	1.72	0.14431
1.34	1.76	0.176322
1.34	1.8	0.211535
1.34	1.84	0.249948
1.34	1.88	0.291561
1.34	1.92	0.336374
1.34	1.96	0.384387
1.34	2	0.4356
1.36	0	1.8496
1.36	0.04	1.74238
1.36	0.08	1.63837
1.36	0.12	1.53755
1.36	0.16	1.43994
1.36	0.2	1.34553
1.36	0.24	1.25431
1.36	0.28	1.1663
1.36	0.32	1.08148
1.36	0.36	0.999872
1.36	0.4	0.92146
1.36	0.44	0.846248
1.36	0.48	0.774237
1.36	0.52	0.705427
1.36	0.56	0.639818
1.36	0.6	0.577409
1.36	0.64	0.518202
1.36	0.68	0.462195
1.36	0.72	0.409389
1.36	0.76	0.359783
1.36	0.8	0.313379
1.36	0.84	0.270176
1.36	0.88	0.230173
1.36	0.92	0.193372
1.36	0.96	0.159771
1.36	1	0.129371
1.36	1.04	0.102172
1.36	1.08	0.0781743
1.36	1.12	0.0573772
1.36	1.16	0.039781
1.36	1.2	0.0253856
1.36	1.24	0.014191
1.36	1.28	0.00619716
1.36	1.32	0.00140411
1.36	1.36	-0.000188204
1.36	1.4	0.00142017
1.36	1.44	0.0062292
1.36	1.48	0.0142388
1.36	1.52	0.0254491
1.36	1.56	0.0398598
1.36	1.6	0.0574711
1.36	1.64	0.0782828
1.36	1.68	0.102295
1.36	1.72	0.129507
1.36	1.76	0.15992
1.36	1.8	0.193533
1.36	1.84	0.230346
1.36	1.88	0.27036
1.36	1.92	0.313573
1.36	1.96	0.359987
1.36	2	0.4096
1.38	0	1.9044
1.38	0.04	1.79558
1.38	0.08	1.68997
1.38	0.12	1.58755
1.38	0.16	1.48834
1.38	0.2	1.39232
1.38	0.24	1.29951
1.38	0.28	1.20989
1.38	0.32	1.12348
1.38	0.36	1.04027
1.38	0.4	0.960256
1.38	0.44	0.883444
1.38	0.48	0.809833
1.38	0.52	0.739423
1.38	0.56	0.672213
1.38	0.6	0.608204
1.38	0.64	0.547397
1.38	0.68	0.489789
1.38	0.72	0.435383
1.38	0.76	0.384178
1.38	0.8	0.336173
1.38	0.84	0.29137
1.38	0.88	0.249767
1.38	0.92	0.211366
1.38	0.96	0.176165
1.38	1	0.144165
1.38	1.04	0.115366
1.38	1.08	0.0897685
1.38	1.12	0.0673715
1.38	1.16	0.0481754
1.38	1.2	0.0321801
1.38	1.24	0.0193856
1.38	1.28	0.00979197
1.38	1.32	0.00339911
1.38	1.36	0.000206987
1.38	1.4	0.000215575
1.38	1.44	0.00342484
1.38	1.48	0.00983473
1.38	1.52	0.0194452
1.38	1.56	0.0322562
1.38	1.6	0.0482678
1.38	1.64	0.0674798
1.38	1.68	0.0898922
1.38	1.72	0.115505
1.38	1.76	0.144318
1.38	1.8	0.176331
1.38	1.84	0.211545
1.38	1.88	0.249959
1.38	1.92	0.291572
1.38	1.96	0.336386
1.38	2	0.3844
1.4	0	1.96
1.4	0.04	1.84958
1.4	0.08	1.74237
1.4	0.12	1.63835
1.4	0.16	1.53754
1.4	0.2	1.43992
1.4	0.24	1.34551
1.4	0.28	1.25429
1.4	0.32	1.16628
1.4	0.36	1.08147
1.4	0.4	0.999852
1.4	0.44	0.92144
1.4	0.48	0.846229
1.4	0.52	0.774218
1.4	0.56	0.705409
1.4	0.6	0.6398
1.4	0.64	0.577391
1.4	0.68	0.518184
1.4	0.72	0.462178
1.4	0.76	0.409372
1.4	0.8	0.359768
1.4	0.84	0.313364
1.4	0.88	0.270162
1.4	0.92	0.23016
1.4	0.96	0.193359
1.4	1	0.159759
1.4	1.04	0.129361
1.4	1.08	0.102163
1.4	1.12	0.0781658
1.4	1.16	0.0573698
1.4	1.2	0.0397746
1.4	1.24	0.0253803
1.4	1.28	0.0141868
1.4	1.32	0.00619411
1.4	1.36	0.00140218
1.4	1.4	-0.000189016
1.4	1.44	0.00142048
1.4	1.48	0.00623062
1.4	1.52	0.0142414
1.4	1.56	0.0254527
1.4	1.6	0.0398645
1.4	1.64	0.0574768
1.4	1.68	0.0782895
1.4	1.72	0.102303
1.4	1.76	0.129516
1.4	1.8	0.15993
1.4	1.84	0.193543
1.4	1.88	0.230358
1.4	1.92	0.270372
1.4	1.96	0.313586
1.4	2	0.36
1.42	0	2.0164
1.42	0.04	1.90438
1.42	0.08	1.79557
1.42	0.12	1.68995
1.42	0.16	1.58754
1.42	0.2	1.48832
1.42	0.24	1.39231
1.42	0.28	1.29949
1.42	0.32	1.20988
1.42	0.36	1.12346
1.42	0.4	1.04025
1.42	0.44	0.960238
1.42	0.48	0.883426
1.42	0.52	0.809815
1.42	0.56	0.739405
1.42	0.6	0.672196
1.42	0.64	0.608188
1.42	0.68	0.547381
1.42	0.72	0.489774
1.42	0.76	0.435369
1.42	0.8	0.384164
1.42	0.84	0.33616
1.42	0.88	0.291358
1.42	0.92	0.249756
1.42	0.96	0.211355
1.42	1	0.176156
1.42	1.04	0.144157
1.42	1.08	0.115359
1.42	1.12	0.089762
1.42	1.16	0.067366
1.42	1.2	0.0481709
1.42	1.24	0.0321767
1.42	1.28	0.0193833
1.42	1.32	0.00979072
1.42	1.36	0.00339893
1.42	1.4	0.000207878
1.42	1.44	0.000217526
1.42	1.48	0.00342783
1.42	1.52	0.00983876
1.42	1.56	0.0194502
1.42	1.6	0.0322623
1.42	1.64	0.0482748
1.42	1.68	0.0674877
1.42	1.72	0.089901
1.42	1.76	0.115515
1.42	1.8	0.144328
1.42	1.84	0.176343
1.42	1.88	0.211557
1.42	1.92	0.249971
1.42	1.96	0.291586
1.42	2	0.3364
1.44	0	2.0736
1.44	0.04	1.95998
1.44	0.08	1.84957
1.44	0.12	1.74235
1.44	0.16	1.63833
1.44	0.2	1.53752
1.44	0.24	1.4399
1.44	0.28	1.34549
1.44	0.32	1.25427
1.44	0.36	1.16626
1.44	0.4	1.08145
1.44	0.44	0.999836
1.44	0.48	0.921424
1.44	0.52	0.846213
1.44	0.56	0.774203
1.44	0.6	0.705394
1.44	0.64	0.639785
1.44	0.68	0.577378
1.44	0.72	0.518171
1.44	0.76	0.462166
1.44	0.8	0.409361
1.44	0.84	0.359757
1.44	0.88	0.313355
1.44	0.92	0.270153
1.44	0.96	0.230152
1.44	1	0.193353
1.44	1.04	0.159754
1.44	1.08	0.129356
1.44	1.12	0.102159
1.44	1.16	0.0781631
1.44	1.2	0.0573681
1.44	1.24	0.039774
1.44	1.28	0.0253807
1.44	1.32	0.0141882
1.44	1.36	0.00619649
1.44	1.4	0.00140554
1.44	1.44	-0.000184692
1.44	1.48	0.00142574
1.44	1.52	0.0062368
1.44	1.56	0.0142484
1.44	1.6	0.0254606
1.44	1.64	0.0398732
1.44	1.68	0.0574863
1.44	1.72	0.0782998
1.44	1.76	0.102314
1.44	1.8	0.129528
1.44	1.84	0.159942
1.44	1.88	0.193556
1.44	1.92	0.230371
1.44	1.96	0.270385
1.44	2	0.3136
1.46	0	2.1316
1.46	0.04	2.01638
1.46	0.08	1.90437
1.46	0.12	1.79555
1.46	0.16	1.68993
1.46	0.2	1.58752
1.46	0.24	1.4883
1.46	0.28	1.39229
1.46	0.32	1.29947
1.46	0.36	1.20986
1.46	0.4	1.12345
1.46	0.44	1.04023
1.46	0.48	0.960222
1.46	0.52	0.883411
1.46	0.56	0.809801
1.46	0.6	0.739391
1.46	0.64	0.672183
1.46	0.68	0.608175
1.46	0.72	0.547369
1.46	0.76	0.489763
1.46	0.8	0.435358
1.46	0.84	0.384155
1.46	0.88	0.336152
1.46	0.92	0.29135
1.46	0.96	0.249749
1.46	1	0.21135
1.46	1.04	0.176151
1.46	1.08	0.144153
1.46	1.12	0.115356
1.46	1.16	0.0897603
1.46	1.2	0.0673653
1.46	1.24	0.0481712
1.46	1.28	0.032178
1.46	1.32	0.0193856
1.46	1.36	0.00979405
1.46	1.4	0.00340321
1.46	1.44	0.000213093
1.46	1.48	0.000223651
1.46	1.52	0.00343484
1.46	1.56	0.00984661
1.46	1.6	0.0194589
1.46	1.64	0.0322717
1.46	1.68	0.0482849
1.46	1.72	0.0674986
1.46	1.76	0.0899125
1.46	1.8	0.115527
1.46	1.84	0.144341
1.46	1.88	0.176356
1.46	1.92	0.21157
1.46	1.96	0.249985
1.46	2	0.2916
1.48	0	2.1904
1.48	0.04	2.07358
1.48	0.08	1.95997
1.48	0.12	1.84955
1.48	0.16	1.74233
1.48	0.2	1.63832
1.48	0.24	1.5375
1.48	0.28	1.43989
1.48	0.32	1.34547
1.48	0.36	1.25426
1.48	0.4	1.16625
1.48	0.44	1.08143
1.48	0.48	0.999821
1.48	0.52	0.92141
1.48	0.56	0.8462
1.48	0.6	0.774191
1.48	0.64	0.705382
1.48	0.68	0.639774
1.48	0.72	0.577368
1.48	0.76	0.518162
1.48	0.8	0.462157
1.48	0.84	0.409354
1.48	0.88	0.359751
1.48	0.92	0.313349
1.48	0.96	0.270148
1.48	1	0.230149
1.48	1.04	0.19335
1.48	1.08	0.159752
1.48	1.12	0.129355
1.48	1.16	0.102159
1.48	1.2	0.0781644
1.48	1.24	0.0573703
1.48	1.28	0.0397771
1.48	1.32	0.0253848
1.48	1.36	0.0141932
1.48	1.4	0.00620243
1.48	1.44	0.00141235
1.48	1.48	-0.000177052
1.48	1.52	0.00143418
1.48	1.56	0.006246
1.48	1.6	0.0142584
1.48	1.64	0.0254712
1.48	1.68	0.0398845
1.48	1.72	0.0574982
1.48	1.76	0.0783122
1.48	1.8	0.102326
1.48	1.84	0.129541
1.48	1.88	0.159956
1.48	1.92	0.19357
1.48	1.96	0.230385
1.48	2	0.2704
1.5	0	2.25
1.5	0.04	2.13158
1.5	0.08	2.01637
1.5	0.12	1.90435
1.5	0.16	1.79553
1.5	0.2	1.68992
1.5	0.24	1.5875
1.5	0.28	1.48829
1.5	0.32	1.39227
1.5	0.36	1.29946
1.5	0.4	1.20985
1.5	0.44	1.12343
1.5	0.48	1.04022
1.5	0.52	0.96021
1.5	0.56	0.8834
1.5	0.6	0.809791
1.5	0.64	0.739382
1.5	0.68	0.672174
1.5	0.72	0.608168
1.5	0.76	0.547362
1.5	0.8	0.489757
1.5	0.84	0.435354
1.5	0.88	0.384151
1.5	0.92	0.336149
1.5	0.96	0.291348
1.5	1	0.249749
1.5	1.04	0.21135
1.5	1.08	0.176152
1.5	1.12	0.144155
1.5	1.16	0.115359
1.5	1.2	0.0897644
1.5	1.24	0.0673703
1.5	1.28	0.0481771
1.5	1.32	0.0321848
1.5	1.36	0.0193932
1.5	1.4	0.00980242
1.5	1.44	0.00341235
1.5	1.48	0.000222946
1.5	1.52	0.000234178
1.5	1.56	0.003446
1.5	1.6	0.00985836
1.5	1.64	0.0194712
1.5	1.68	0.0322845
1.5	1.72	0.0482982
1.5	1.76	0.0675122
1.5	1.8	0.0899264
1.5	1.84	0.115541
1.5	1.88	0.144356
1.5	1.92	0.17637
1.5	1.96	0.211585
1.5	2	0.25
1.52	0	2.3104
1.52	0.04	2.19038
1.52	0.08	2.07357
1.52	0.12	1.95995
1.52	0.16	1.84953
1.52	0.2	1.74232
1.52	0.24	1.6383
1.52	0.28	1.53749
1.52	0.32	1.43987
1.52	0.36	1.34546
1.52	0.4	1.25425
1.52	0.44	1.16623
1.52	0.48	1.08142
1.52	0.52	0.99981
1.52	0.56	0.9214
1.52	0.6	0.846191
1.52	0.64	0.774182
1.52	0.68	0.705374
1.52	0.72	0.639768
1.52	0.76	0.577362
1.52	0.8	0.518157
1.52	0.84	0.462154
1.52	0.88	0.409351
1.52	0.92	0.359749
1.52	0.96	0.313348
1.52	1	0.270149
1.52	1.04	0.23015
1.52	1.08	0.193352
1.52	1.12	0.159755
1.52	1.16	0.129359
1.52	1.2	0.102164
1.52	1.24	0.0781703
1.52	1.28	0.0573771
1.52	1.32	0.0397848
1.52	1.36	0.0253932
1.52	1.4	0.0142024
1.52	1.44	0.00621235
1.52	1.48	0.00142295
1.52	1.52	-0.000165819
1.52	1.56	0.001446
1.52	1.6	0.00625836
1.52	1.64	0.0142712
1.52	1.68	0.0254845
1.52	1.72	0.0398982
1.52	1.76	0.0575122
1.52	1.8	0.0783264
1.52	1.84	0.102341
1.52	1.88	0.129556
1.52	1.92	0.15997
1.52	1.96	0.193585
1.52	2	0.2304
1.54	0	2.3716
1.54	0.04	2.24998
1.54	0.08	2.13157
1.54	0.12	2.01635
1.54	0.16	1.90433
1.54	0.2	1.79552
1.54	0.24	1.6899
1.54	0.28	1.58749
1.54	0.32	1.48827
1.54	0.36	1.39226
1.54	0.4	1.29945
1.54	0.44	1.20983
1.54	0.48	1.12342
1.54	0.52	1.04021
1.54	0.56	0.960202
1.54	0.6	0.883392
1.54	0.64	0.809784
1.54	0.68	0.739376
1.54	0.72	0.67217
1.54	0.76	0.608164
1.54	0.8	0.547359
1.54	0.84	0.489755
1.54	0.88	0.435353
1.54	0.92	0.384151
1.54	0.96	0.33615
1.54	1	0.291351
1.54	1.04	0.249752
1.54	1.08	0.211354
1.54	1.12	0.176157
1.54	1.16	0.144161
1.54	1.2	0.115366
1.54	1.24	0.0897721
1.54	1.28	0.0673789
1.54	1.32	0.0481865
1.54	1.36	0.0321949
1.54	1.4	0.019404
1.54	1.44	0.00981383
1.54	1.48	0.00342434
1.54	1.52	0.000235486
1.54	1.56	0.000247213
1.54	1.6	0.00345947
1.54	1.64	0.00987222
1.54	1.68	0.0194854
1.54	1.72	0.032299
1.54	1.76	0.0483128
1.54	1.8	0.067527
1.54	1.84	0.0899414
1.54	1.88	0.115556
1.54	1.92	0.144371
1.54	1.96	0.176385
1.54	2	0.2116
1.56	0	2.4336
1.56	0.04	2.31038
1.56	0.08	2.19037
1.56	0.12	2.07355
1.56	0.16	1.95994
1.56	0.2	1.84952
1.56	0.24	1.7423
1.56	0.28	1.63829
1.56	0.32	1.53748
1.56	0.36	1.43986
1.56	0.4	1.34545
1.56	0.44	1.25424
1.56	0.48	1.16622
1.56	0.52	1.08141
1.56	0.56	0.999804
1.56	0.6	0.921395
1.56	0.64	0.846186
1.56	0.68	0.774179
1.56	0.72	0.705372
1.56	0.76	0.639767
1.56	0.8	0.577362
1.56	0.84	0.518158
1.56	0.88	0.462156
1.56	0.92	0.409354
1.56	0.96	0.359753
1.56	1	0.313354
1.56	1.04	0.270155
1.56	1.08	0.230157
1.56	1.12	0.19336
1.56	1.16	0.159764
1.56	1.2	0.129369
1.56	1.24	0.102175
1.56	1.28	0.0781815
1.56	1.32	0.057389
1.56	1.36	0.0397973
1.56	1.4	0.0254063
1.56	1.44	0.014216
1.56	1.48	0.00622642
1.56	1.52	0.00143744
1.56	1.56	-0.000150978
1.56	1.6	0.00146114
1.56	1.64	0.00627373
1.56	1.68	0.0142868
1.56	1.72	0.0255002
1.56	1.76	0.0399139
1.56	1.8	0.0575279
1.56	1.84	0.0783421
1.56	1.88	0.102356
1.56	1.92	0.129571
1.56	1.96	0.159985
1.56	2	0.1936
1.58	0	2.4964
1.58	0.04	2.37158
1.58	0.08	2.24997
1.58	0.12	2.13155
1.58	0.16	2.01634
1.58	0.2	1.90432
1.58	0.24	1.79551
1.58	0.28	1.68989
1.58	0.32	1.58748
1.58	0.36	1.48826
1.58	0.4	1.39225
1.58	0.44	1.29944
1.58	0.48	1.20983
1.58	0.52	1.12342
1.58	0.56	1.04021
1.58	0.6	0.960197
1.58	0.64	0.883389
1.58	0.68	0.809782
1.58	0.72	0.739375
1.58	0.76	0.67217
1.58	0.8	0.608165
1.58	0.84	0.547361
1.58	0.88	0.489759
1.58	0.92	0.435357
1.58	0.96	0.384156
1.58	1	0.336156
1.58	1.04	0.291358
1.58	1.08	0.24976
1.58	1.12	0.211363
1.58	1.16	0.176167
1.58	1.2	0.144172
1.58	1.24	0.115378
1.58	1.28	0.0897841
1.58	1.32	0.0673915
1.58	1.36	0.0481997
1.58	1.4	0.0322086
1.58	1.44	0.0194182
1.58	1.48	0.00982851
1.58	1.52	0.00343939
1.58	1.56	0.000250837
1.58	1.6	0.000262806
1.58	1.64	0.00347525
1.58	1.68	0.00988811
1.58	1.72	0.0195014
1.58	1.76	0.0323149
1.58	1.8	0.0483287
1.58	1.84	0.0675428
1.58	1.88	0.089957
1.58	1.92	0.115571
1.58	1.96	0.144386
1.58	2	0.1764
1.6	0	2.56
1.6	0.04	2.43358
1.6	0.08	2.31037
1.6	0.12	2.19035
1.6	0.16	2.07354
1.6	0.2	1.95992
1.6	0.24	1.84951
1.6	0.28	1.74229
1.6	0.32	1.63828
1.6	0.36	1.53747
1.6	0.4	1.43985
1.6	0.44	1.34544
1.6	0.48	1.25423
1.6	0.52	1.16622
1.6	0.56	1.08141
1.6	0.6	0.999801
1.6	0.64	0.921393
1.6	0.68	0.846186
1.6	0.72	0.77418
1.6	0.76	0.705374
1.6	0.8	0.63977
1.6	0.84	0.577366
1.6	0.88	0.518163
1.6	0.92	0.462162
1.6	0.96	0.409361
1.6	1	0.359761
1.6	1.04	0.313363
1.6	1.08	0.270165
1.6	1.12	0.230168
1.6	1.16	0.193372
1.6	1.2	0.159776
1.6	1.24	0.129382
1.6	1.28	0.102188
1.6	1.32	0.0781957
1.6	1.36	0.0574037
1.6	1.4	0.0398125
1.6	1.44	0.0254219
1.6	1.48	0.0142319
1.6	1.52	0.0062426
1.6	1.56	0.00145382
1.6	1.6	-0.000134447
1.6	1.64	0.00147775
1.6	1.68	0.00629035
1.6	1.72	0.0143033
1.6	1.76	0.0255166
1.6	1.8	0.0399302
1.6	1.84	0.0575439
1.6	1.88	0.0783578
1.6	1.92	0.102372
1.6	1.96	0.129586
1.6	2	0.16
1.62	0	2.6244
1.62	0.04	2.49638
1.62	0.08	2.37157
1.62	0.12	2.24995
1.62	0.16	2.13154
1.62	0.2	2.01632
1.62	0.24	1.90431
1.62	0.28	1.7955
1.62	0.32	1.68988
1.62	0.36	1.58747
1.62	0.4	1.48826
1.62	0.44	1.39225
1.62	0.48	1.29943
1.62	0.52	1.20982
1.62	0.56	1.12341
1.62	0.6	1.04021
1.62	0.64	0.960198
1.62	0.68	0.883391
1.62	0.72	0.809785
1.62	0.76	0.73938
1.62	0.8	0.672175
1.62	0.84	0.608172
1.62	0.88	0.547369
1.62	0.92	0.489768
1.62	0.96	0.435367
1.62	1	0.384167
1.62	1.04	0.336168
1.62	1.08	0.29137
1.62	1.12	0.249773
1.62	1.16	0.211377
1.62	1.2	0.176182
1.62	1.24	0.144187
1.62	1.28	0.115394
1.62	1.32	0.0898007
1.62	1.36	0.0674085
1.62	1.4	0.048217
1.62	1.44	0.0322262
1.62	1.48	0.019436
1.62	1.52	0.00984643
1.62	1.56	0.00345737
1.62	1.6	0.000268818
1.62	1.64	0.000280716
1.62	1.68	0.00349302
1.62	1.72	0.00990568
1.62	1.76	0.0195186
1.62	1.8	0.0323319
1.62	1.84	0.0483453
1.62	1.88	0.0675589
1.62	1.92	0.0899725
1.62	1.96	0.115586
1.62	2	0.1444
1.64	0	2.6896
1.64	0.04	2.55998
1.64	0.08	2.43357
1.64	0.12	2.31035
1.64	0.16	2.19034
1.64	0.2	2.07353
1.64	0.24	1.95991
1.64	0.28	1.8495
1.64	0.32	1.74229
1.64	0.36	1.63827
1.64	0.4	1.53746
1.64	0.44	1.43985
1.64	0.48	1.34544
1.64	0.52	1.25423
1.64	0.56	1.16622
1.64	0.6	1.08141
1.64	0.64	0.999803
1.64	0.68	0.921396
1.64	0.72	0.84619
1.64	0.76	0.774185
1.64	0.8	0.705381
1.64	0.84	0.639777
1.64	0.88	0.577375
1.64	0.92	0.518173
1.64	0.96	0.462173
1.64	1	0.409373
1.64	1.04	0.359774
1.64	1.08	0.313376
1.64	1.12	0.270179
1.64	1.16	0.230183
1.64	1.2	0.193387
1.64	1.24	0.159793
1.64	1.28	0.129399
1.64	1.32	0.102206
1.64	1.36	0.0782133
1.64	1.4	0.0574216
1.64	1.44	0.0398305
1.64	1.48	0.0254401
1.64	1.52	0.0142503
1.64	1.56	0.00626093
1.64	1.6	0.00147209
1.64	1.64	-0.000116311
1.64	1.68	0.00149568
1.64	1.72	0.00630803
1.64	1.76	0.0143207
1.64	1.8	0.0255336
1.64	1.84	0.0399466
1.64	1.88	0.0575599
1.64	1.92	0.0783732
1.64	1.96	0.102387
1.64	2	0.1296
1.66	0	2.7556
1.66	0.04	2.62439
1.66	0.08	2.49637
1.66	0.12	2.37156
1.66	0.16	2.24994
1.66	0.2	2.13153
1.66	0.24	2.01631
1.66	0.28	1.9043
1.66	0.32	1.79549
1.66	0.36	1.68988
1.66	0.4	1.58747
1.66	0.44	1.48825
1.66	0.48	1.39224
1.66	0.52	1.29943
1.66	0.56	1.20983
1.66	0.6	1.12342
1.66	0.64	1.04021
1.66	0.68	0.960203
1.66	0.72	0.883397
1.66	0.76	0.809792
1.66	0.8	0.739388
1.66	0.84	0.672185
1.66	0.88	0.608182
1.66	0.92	0.547381
1.66	0.96	0.48978
1.66	1	0.435381
1.66	1.04	0.384182
1.66	1.08	0.336184
1.66	1.12	0.291386
1.66	1.16	0.24979
1.66	1.2	0.211394
1.66	1.24	0.1762
1.66	1.28	0.144205
1.66	1.32	0.115412
1.66	1.36	0.0898195
1.66	1.4	0.0674275
1.66	1.44	0.0482362
1.66	1.48	0.0322455
1.66	1.52	0.0194553
1.66	1.56	0.00986558
1.66	1.6	0.00347636
1.66	1.64	0.000287576
1.66	1.68	0.00029917
1.66	1.72	0.0035111
1.66	1.76	0.00992332
1.66	1.8	0.0195358
1.66	1.84	0.0323484
1.66	1.88	0.0483612
1.66	1.92	0.0675741
1.66	1.96	0.0899871
1.66	2	0.1156
1.68	0	2.8224
1.68	0.04	2.68959
1.68	0.08	2.55997
1.68	0.12	2.43356
1.68	0.16	2.31034
1.68	0.2	2.19033
1.68	0.24	2.07352
1.68	0.28	1.95991
1.68	0.32	1.84949
1.68	0.36	1.74228
1.68	0.4	1.63827
1.68	0.44	1.53746
1.68	0.48	1.43985
1.68	0.52	1.34544
1.68	0.56	1.25423
1.68	0.6	1.16622
1.68	0.64	1.08142
1.68	0.68	0.999811
1.68	0.72	0.921405
1.68	0.76	0.8462
1.68	0.8	0.774196
1.68	0.84	0.705393
1.68	0.88	0.639791
1.68	0.92	0.577389
1.68	0.96	0.518189
1.68	1	0.462189
1.68	1.04	0.40939
1.68	1.08	0.359792
1.68	1.12	0.313395
1.68	1.16	0.270198
1.68	1.2	0.230202
1.68	1.24	0.193407
1.68	1.28	0.159813
1.68	1.32	0.129419
1.68	1.36	0.102226
1.68	1.4	0.0782342
1.68	1.44	0.0574425
1.68	1.48	0.0398514
1.68	1.52	0.0254608
1.68	1.56	0.0142707
1.68	1.6	0.00628111
1.68	1.64	0.00149189
1.68	1.68	-9.69603e-05
1.68	1.72	0.00151451
1.68	1.76	0.00632626
1.68	1.8	0.0143382
1.68	1.84	0.0255504
1.68	1.88	0.0399627
1.68	1.92	0.0575751
1.68	1.96	0.0783876
1.68	2	0.1024
1.7	0	2.89
1.7	0.04	2.75559
1.7	0.08	2.62437
1.7	0.12	2.49636
1.7	0.16	2.37155
1.7	0.2	2.24993
1.7	0.24	2.13152
1.7	0.28	2.01631
1.7	0.32	1.9043
1.7	0.36	1.79549
1.7	0.4	1.68988
1.7	0.44	1.58747
1.7	0.48	1.48826
1.7	0.52	1.39225
1.7	0.56	1.29944
1.7	0.6	1.20983
1.7	0.64	1.12342
1.7	0.68	1.04022
1.7	0.72	0.960213
1.7	0.76	0.883408
1.7	0.8	0.809804
1.7	0.84	0.739401
1.7	0.88	0.672199
1.7	0.92	0.608198
1.7	0.96	0.547397
1.7	1	0.489797
1.7	1.04	0.435398
1.7	1.08	0.3842
1.7	1.12	0.336203
1.7	1.16	0.291406
1.7	1.2	0.24981
1.7	1.24	0.211415
1.7	1.28	0.17622
1.7	1.32	0.144227
1.7	1.36	0.115433
1.7	1.4	0.0898408
1.7	1.44	0.0674488
1.7	1.48	0.0482573
1.7	1.52	0.0322664
1.7	1.56	0.0194759
1.7	1.6	0.00988586
1.7	1.64	0.00349621
1.7	1.68	0.000306913
1.7	1.72	0.000317926
1.7	1.76	0.00352921
1.7	1.8	0.00994071
1.7	1.84	0.0195524
1.7	1.88	0.0323642
1.7	1.92	0.0483761
1.7	1.96	0.0675881
1.7	2	0.09
1.72	0	2.9584
1.72	0.04	2.82239
1.72	0.08	2.68957
1.72	0.12	2.55996
1.72	0.16	2.43355
1.72	0.2	2.31034
1.72	0.24	2.19033
1.72	0.28	2.07351
1.72	0.32	1.9599
1.72	0.36	1.84949
1.72	0.4	1.74228
1.72	0.44	1.63827
1.72	0.48	1.53746
1.72	0.52	1.43985
1.72	0.56	1.34545
1.72	0.6	1.25424
1.72	0.64	1.16623
1.72	0.68	1.08143
1.72	0.72	0.999822
1.72	0.76	0.921418
1.72	0.8	0.846214
1.72	0.84	0.774211
1.72	0.88	0.705409
1.72	0.92	0.639808
1.72	0.96	0.577407
1.72	1	0.518207
1.72	1.04	0.462208
1.72	1.08	0.40941
1.72	1.12	0.359813
1.72	1.16	0.313416
1.72	1.2	0.27022
1.72	1.24	0.230224
1.72	1.28	0.193429
1.72	1.32	0.159835
1.72	1.36	0.129442
1.72	1.4	0.102249
1.72	1.44	0.0782563
1.72	1.48	0.0574644
1.72	1.52	0.039873
1.72	1.56	0.025482
1.72	1.6	0.0142915
1.72	1.64	0.00630134
1.72	1.68	0.00151152
1.72	1.72	-7.80144e-05
1.72	1.76	0.00153271
1.72	1.8	0.00634364
1.72	1.84	0.0143547
1.72	1.88	0.025566
1.72	1.92	0.0399773
1.72	1.96	0.0575886
1.72	2	0.0784
1.74	0	3.0276
1.74	0.04	2.88999
1.74	0.08	2.75558
1.74	0.12	2.62436
1.74	0.16	2.49635
1.74	0.2	2.37154
1.74	0.24	2.24993
1.74	0.28	2.13152
1.74	0.32	2.01631
1.74	0.36	1.9043
1.74	0.4	1.79549
1.74	0.44	1.68988
1.74	0.48	1.58747
1.74	0.52	1.48826
1.74	0.56	1.39226
1.74	0.6	1.29945
1.74	0.64	1.20984
1.74	0.68	1.12344
1.74	0.72	1.04023
1.74	0.76	0.960228
1.74	0.8	0.883424
1.74	0.84	0.809822
1.74	0.88	0.73942
1.74	0.92	0.672219
1.74	0.96	0.608218
1.74	1	0.547418
1.74	1.04	0.489819
1.74	1.08	0.435421
1.74	1.12	0.384223
1.74	1.16	0.336226
1.74	1.2	0.29143
1.74	1.24	0.249834
1.74	1.28	0.211439
1.74	1.32	0.176244
1.74	1.36	0.14425
1.74	1.4	0.115457
1.74	1.44	0.0898643
1.74	1.48	0.0674719
1.74	1.52	0.0482801
1.74	1.56	0.0322886
1.74	1.6	0.0194976
1.74	1.64	0.00990684
1.74	1.68	0.00351645
1.74	1.72	0.000326336
1.74	1.76	0.000336461
1.74	1.8	0.00354679
1.74	1.84	0.00995727
1.74	1.88	0.0195679
1.74	1.92	0.0323786
1.74	1.96	0.0483893
1.74	2	0.0676
1.76	0	3.0976
1.76	0.04	2.95839
1.76	0.08	2.82238
1.76	0.12	2.68957
1.76	0.16	2.55995
1.76	0.2	2.43354
1.76	0.24	2.31033
1.76	0.28	2.19032
1.76	0.32	2.07351
1.76	0.36	1.9599
1.76	0.4	1.8495
1.76	0.44	1.74229
1.76	0.48	1.63828
1.76	0.52	1.53747
1.76	0.56	1.43986
1.76	0.6	1.34546
1.76	0.64	1.25425
1.76	0.68	1.16625
1.76	0.72	1.08144
1.76	0.76	0.999838
1.76	0.8	0.921435
1.76	0.84	0.846232
1.76	0.88	0.77423
1.76	0.92	0.705429
1.76	0.96	0.639829
1.76	1	0.577429
1.76	1.04	0.51823
1.76	1.08	0.462231
1.76	1.12	0.409433
1.76	1.16	0.359836
1.76	1.2	0.31344
1.76	1.24	0.270244
1.76	1.28	0.230248
1.76	1.32	0.193454
1.76	1.36	0.159859
1.76	1.4	0.129466
1.76	1.44	0.102272
1.76	1.48	0.0782795
1.76	1.52	0.0574872
1.76	1.56	0.0398952
1.76	1.6	0.0255036
1.76	1.64	0.0143123
1.76	1.68	0.00632139
1.76	1.72	0.00153069
1.76	1.76	-5.97841e-05
1.76	1.8	0.00154993
1.76	1.84	0.00635979
1.76	1.88	0.0143698
1.76	1.92	0.0255798
1.76	1.96	0.0399899
1.76	2	0.0576
1.78	0	3.1684
1.78	0.04	3.02759
1.78	0.08	2.88998
1.78	0.12	2.75557
1.78	0.16	2.62436
1.78	0.2	2.49635
1.78	0.24	2.37154
1.78	0.28	2.24993
1.78	0.32	2.13152
1.78	0.36	2.01631
1.78	0.4	1.9043
1.78	0.44	1.79549
1.78	0.48	1.68989
1.78	0.52	1.58748
1.78	0.56	1.48827
1.78	0.6	1.39227
1.78	0.64	1.29946
1.78	0.68	1.20986
1.78	0.72	1.12345
1.78	0.76	1.04025
1.78	0.8	0.960247
1.78	0.84	0.883444
1.78	0.88	0.809842
1.78	0.92	0.739441
1.78	0.96	0.672241
1.78	1	0.608241
1.78	1.04	0.547442
1.78	1.08	0.489843
1.78	1.12	0.435445
1.78	1.16	0.384248
1.78	1.2	0.336251
1.78	1.24	0.291455
1.78	1.28	0.249859
1.78	1.32	0.211464
1.78	1.36	0.176269
1.78	1.4	0.144275
1.78	1.44	0.115481
1.78	1.48	0.089888
1.78	1.52	0.0674951
1.78	1.56	0.0483026
1.78	1.6	0.0323104
1.78	1.64	0.0195185
1.78	1.68	0.00992694
1.78	1.72	0.00353559
1.78	1.76	0.00034444
1.78	1.8	0.000353468
1.78	1.84	0.00356264
1.78	1.88	0.00997191
1.78	1.92	0.0195812
1.78	1.96	0.0323906
1.78	2	0.0484
1.8	0	3.24
1.8	0.04	3.09759
1.8	0.08	2.95838
1.8	0.12	2.82237
1.8	0.16	2.68956
1.8	0.2	2.55995
1.8	0.24	2.43354
1.8	0.28	2.31033
1.8	0.32	2.19033
1.8	0.36	2.07352
1.8	0.4	1.95991
1.8	0.44	1.8495
1.8	0.48	1.7423
1.8	0.52	1.63829
1.8	0.56	1.53748
1.8	0.6	1.43988
1.8	0.64	1.34547
1.8	0.68	1.25427
1.8	0.72	1.16626
1.8	0.76	1.08146
1.8	0.8	0.999859
1.8	0.84	0.921457
1.8	0.88	0.846255
1.8	0.92	0.774254
1.8	0.96	0.705454
1.8	1	0.639854
1.8	1.04	0.577454
1.8	1.08	0.518256
1.8	1.12	0.462258
1.8	1.16	0.40946
1.8	1.2	0.359863
1.8	1.24	0.313466
1.8	1.28	0.27027
1.8	1.32	0.230275
1.8	1.36	0.19348
1.8	1.4	0.159885
1.8	1.44	0.129491
1.8	1.48	0.102297
1.8	1.52	0.0783035
1.8	1.56	0.0575104
1.8	1.6	0.0399176
1.8	1.64	0.025525
1.8	1.68	0.0143328
1.8	1.72	0.00634072
1.8	1.76	0.00154887
1.8	1.8	-4.28245e-05
1.8	1.84	0.00156561
1.8	1.88	0.00637415
1.8	1.92	0.0143827
1.8	1.96	0.0255914
1.8	2	0.04
1.82	0	3.3124
1.82	0.04	3.16839
1.82	0.08	3.02758
1.82	0.12	2.88997
1.82	0.16	2.75556
1.82	0.2	2.62436
1.82	0.24	2.49635
1.82	0.28	2.37154
1.82	0.32	2.24993
1.82	0.36	2.13153
1.82	0.4	2.01632
1.82	0.44	1.90431
1.82	0.48	1.79551
1.82	0.52	1.6899
1.82	0.56	1.58749
1.82	0.6	1.48829
1.82	0.64	1.39228
1.82	0.68	1.29948
1.82	0.72	1.20988
1.82	0.76	1.12347
1.82	0.8	1.04027
1.82	0.84	0.960269
1.82	0.88	0.883468
1.82	0.92	0.809867
1.82	0.96	0.739466
1.82	1	0.672266
1.82	1.04	0.608267
1.82	1.08	0.547468
1.82	1.12	0.48987
1.82	1.16	0.435472
1.82	1.2	0.384275
1.82	1.24	0.336278
1.82	1.28	0.291482
1.82	1.32	0.249886
1.82	1.36	0.21149
1.82	1.4	0.176295
1.82	1.44	0.1443
1.82	1.48	0.115506
1.82	1.52	0.0899118
1.82	1.56	0.0675181
1.82	1.6	0.0483247
1.82	1.64	0.0323315
1.82	1.68	0.0195386
1.82	1.72	0.00994585
1.82	1.76	0.0035533
1.82	1.8	0.000360885
1.82	1.84	0.000368591
1.82	1.88	0.00357639
1.82	1.92	0.00998424
1.82	1.96	0.0195921
1.82	2	0.0324
1.84	0	3.3856
1.84	0.04	3.23999
1.84	0.08	3.09758
1.84	0.12	2.95838
1.84	0.16	2.82237
1.84	0.2	2.68956
1.84	0.24	2.55995
1.84	0.28	2.43355
1.84	0.32	2.31034
1.84	0.36	2.19033
1.84	0.4	2.07353
1.84	0.44	1.95992
1.84	0.48	1.84951
1.84	0.52	1.74231
1.84	0.56	1.6383
1.84	0.6	1.5375
1.84	0.64	1.4399
1.84	0.68	1.34549
1.84	0.72	1.25429
1.84	0.76	1.16629
1.84	0.8	1.08148
1.84	0.84	0.999882
1.84	0.88	0.921481
1.84	0.92	0.84628
1.84	0.96	0.77428
1.84	1	0.70548
1.84	1.04	0.639881
1.84	1.08	0.577482
1.84	1.12	0.518283
1.84	1.16	0.462285
1.84	1.2	0.409488
1.84	1.24	0.35989
1.84	1.28	0.313494
1.84	1.32	0.270297
1.84	1.36	0.230301
1.84	1.4	0.193506
1.84	1.44	0.15991
1.84	1.48	0.129516
1.84	1.52	0.102321
1.84	1.56	0.0783265
1.84	1.6	0.0575324
1.84	1.64	0.0399386
1.84	1.68	0.0255449
1.84	1.72	0.0143514
1.84	1.76	0.00635809
1.84	1.8	0.0015649
1.84	1.84	-2.81841e-05
1.84	1.88	0.00157881
1.84	1.92	0.00638586
1.84	1.96	0.0143929
1.84	2	0.0256
1.86	0	3.4596
1.86	0.04	3.31239
1.86	0.08	3.16839
1.86	0.12	3.02758
1.86	0.16	2.88997
1.86	0.2	2.75557
1.86	0.24	2.62436
1.86	0.28	2.49635
1.86	0.32	2.37155
1.86	0.36	2.24994
1.86	0.4	2.13154
1.86	0.44	2.01633
1.86	0.48	1.90432
1.86	0.52	1.79552
1.86	0.56	1.68992
1.86	0.6	1.58751
1.86	0.64	1.48831
1.86	0.68	1.39231
1.86	0.72	1.2995
1.86	0.76	1.2099
1.86	0.8	1.1235
1.86	0.84	1.0403
1.86	0.88	0.960295
1.86	0.92	0.883494
1.86	0.96	0.809894
1.86	1	0.739494
1.86	1.04	0.672295
1.86	1.08	0.608296
1.86	1.12	0.547497
1.86	1.16	0.489899
1.86	1.2	0.435501
1.86	1.24	0.384303
1.86	1.28	0.336306
1.86	1.32	0.291509
1.86	1.36	0.249913
1.86	1.4	0.211517
1.86	1.44	0.176321
1.86	1.48	0.144325
1.86	1.52	0.11553
1.86	1.56	0.0899352
1.86	1.6	0.0675404
1.86	1.64	0.0483458
1.86	1.68	0.0323514
1.86	1.72	0.0195571
1.86	1.76	0.00996303
1.86	1.8	0.00356904
1.86	1.84	0.000375139
1.86	1.88	0.000381309
1.86	1.92	0.00358752
1.86	1.96	0.00999376
1.86	2	0.0196
1.88	0	3.5344
1.88	0.04	3.38559
1.88	0.08	3.23999
1.88	0.12	3.09758
1.88	0.16	2.95838
1.88	0.2	2.82237
1.88	0.24	2.68956
1.88	0.28	2.55996
1.88	0.32	2.43355
1.88	0.36	2.31035
1.88	0.4	2.19034
1.88	0.44	2.07354
1.88	0.48	1.95993
1.88	0.52	1.84953
1.88	0.56	1.74233
1.88	0.6	1.63832
1.88	0.64	1.53752
1.88	0.68	1.43992
1.88	0.72	1.34552
1.88	0.76	1.25431
1.88	0.8	1.16631
1.88	0.84	1.08151
1.88	0.88	0.999909
1.88	0.92	0.921509
1.88	0.96	0.846308
1.88	1	0.774308
1.88	1.04	0.705509
1.88	1.08	0.63991
1.88	1.12	0.577511
1.88	1.16	0.518312
1.88	1.2	0.462314
1.88	1.24	0.409516
1.88	1.28	0.359919
1.88	1.32	0.313522
1.88	1.36	0.270325
1.88	1.4	0.230328
1.88	1.44	0.193532
1.88	1.48	0.159935
1.88	1.52	0.12954
1.88	1.56	0.102344
1.88	1.6	0.0783484
1.88	1.64	0.057553
1.88	1.68	0.0399579
1.88	1.72	0.0255629
1.88	1.76	0.014368
1.88	1.8	0.00637318
1.88	1.84	0.00157846
1.88	1.88	-1.61919e-05
1.88	1.92	0.00158919
1.88	1.96	0.0063946
1.88	2	0.0144
1.9	0	3.61
1.9	0.04	3.45959
1.9	0.08	3.31239
1.9	0.12	3.16838
1.9	0.16	3.02758
1.9	0.2	2.88997
1.9	0.24	2.75557
1.9	0.28	2.62437
1.9	0.32	2.49636
1.9	0.36	2.37156
1.9	0.4	2.24995
1.9	0.44	2.13155
1.9	0.48	2.01635
1.9	0.52	1.90434
1.9	0.56	1.79554
1.9	0.6	1.68994
1.9	0.64	1.58753
1.9	0.68	1.48833
1.9	0.72	1.39233
1.9	0.76	1.29953
1.9	0.8	1.20993
1.9	0.84	1.12352
1.9	0.88	1.04032
1.9	0.92	0.960323
1.9	0.96	0.883523
1.9	1	0.809923
1.9	1.04	0.739524
1.9	1.08	0.672324
1.9	1.12	0.608325
1.9	1.16	0.547527
1.9	1.2	0.489928
1.9	1.24	0.43553
1.9	1.28	0.384332
1.9	1.32	0.336334
1.9	1.36	0.291537
1.9	1.4	0.24994
1.9	1.44	0.211543
1.9	1.48	0.176346
1.9	1.52	0.144349
1.9	1.56	0.115553
1.9	1.6	0.0899567
1.9	1.64	0.0675607
1.9	1.68	0.0483647
1.9	1.72	0.0323689
1.9	1.76	0.0195732
1.9	1.8	0.00997753
1.9	1.84	0.00358196
1.9	1.88	0.000386435
1.9	1.92	0.000390946
1.9	1.96	0.00359547
1.9	2	0.01
1.92	0	3.6864
1.92	0.04	3.5344
1.92	0.08	3.38559
1.92	0.12	3.23999
1.92	0.16	3.09758
1.92	0.2	2.95838
1.92	0.24	2.82238
1.92	0.28	2.68957
1.92	0.32	2.55997
1.92	0.36	2.43357
1.92	0.4	2.31036
1.92	0.44	2.19036
1.92	0.48	2.07356
1.92	0.52	1.95995
1.92	0.56	1.84955
1.92	0.6	1.74235
1.92	0.64	1.63835
1.92	0.68	1.53754
1.92	0.72	1.43994
1.92	0.76	1.34554
1.92	0.8	1.25434
1.92	0.84	1.16634
1.92	0.88	1.08154
1.92	0.92	0.999938
1.92	0.96	0.921538
1.92	1	0.846338
1.92	1.04	0.774339
1.92	1.08	0.705539
1.92	1.12	0.63994
1.92	1.16	0.577541
1.92	1.2	0.518342
1.92	1.24	0.462344
1.92	1.28	0.409545
1.92	1.32	0.359947
1.92	1.36	0.313549
1.92	1.4	0.270352
1.92	1.44	0.230354
1.92	1.48	0.193557
1.92	1.52	0.159959
1.92	1.56	0.129562
1.92	1.6	0.102365
1.92	1.64	0.0783684
1.92	1.68	0.0575717
1.92	1.72	0.039975
1.92	1.76	0.0255785
1.92	1.8	0.014382
1.92	1.84	0.00638551
1.92	1.88	0.0015891
1.92	1.92	-7.27251e-06
1.92	1.96	0.00159636
1.92	2	0.0064
1.94	0	3.7636
1.94	0.04	3.61
1.94	0.08	3.45959
1.94	0.12	3.31239
1.94	0.16	3.16839
1.94	0.2	3.02758
1.94	0.24	2.88998
1.94	0.28	2.75558
1.94	0.32	2.62438
1.94	0.36	2.49637
1.94	0.4	2.37157
1.94	0.44	2.24997
1.94	0.48	2.13157
1.94	0.52	2.01636
1.94	0.56	1.90436
1.94	0.6	1.79556
1.94	0.64	1.68996
1.94	0.68	1.58756
1.94	0.72	1.48836
1.94	0.76	1.39236
1.94	0.8	1.29956
1.94	0.84	1.20995
1.94	0.88	1.12355
1.94	0.92	1.04035
1.94	0.96	0.960353
1.94	1	0.883553
1.94	1.04	0.809954
1.94	1.08	0.739554
1.94	1.12	0.672355
1.94	1.16	0.608355
1.94	1.2	0.547556
1.94	1.24	0.489957
1.94	1.28	0.435559
1.94	1.32	0.38436
1.94	1.36	0.336362
1.94	1.4	0.291563
1.94	1.44	0.249965
1.94	1.48	0.211567
1.94	1.52	0.176369
1.94	1.56	0.144371
1.94	1.6	0.115574
1.94	1.64	0.0899761
1.94	1.68	0.0675786
1.94	1.72	0.0483811
1.94	1.76	0.0323837
1.94	1.8	0.0195864
1.94	1.84	0.00998906
1.94	1.88	0.00359177
1.94	1.92	0.00039451
1.94	1.96	0.000397255
1.94	2	0.0036
1.96	0	3.8416
1.96	0.04	3.6864
1.96	0.08	3.5344
1.96	0.12	3.38559
1.96	0.16	3.23999
1.96	0.2	3.09759
1.96	0.24	2.95839
1.96	0.28	2.82239
1.96	0.32	2.68958
1.96	0.36	2.55998
1.96	0.4	2.43358
1.96	0.44	2.31038
1.96	0.48	2.19038
1.96	0.52	2.07358
1.96	0.56	1.95998
1.96	0.6	1.84957
1.96	0.64	1.74237
1.96	0.68	1.63837
1.96	0.72	1.53757
1.96	0.76	1.43997
1.96	0.8	1.34557
1.96	0.84	1.25437
1.96	0.88	1.16637
1.96	0.92	1.08157
1.96	0.96	0.999969
1.96	1	0.921569
1.96	1.04	0.846369
1.96	1.08	0.774369
1.96	1.12	0.70557
1.96	1.16	0.63997
1.96	1.2	0.577571
1.96	1.24	0.518372
1.96	1.28	0.462372
1.96	1.32	0.409573
1.96	1.36	0.359974
1.96	1.4	0.313576
1.96	1.44	0.270377
1.96	1.48	0.230378
1.96	1.52	0.19358
1.96	1.56	0.159981
1.96	1.6	0.129582
1.96	1.64	0.102384
1.96	1.68	0.0783857
1.96	1.72	0.0575874
1.96	1.76	0.0399891
1.96	1.8	0.0255909
1.96	1.84	0.0143927
1.96	1.88	0.00639451
1.96	1.92	0.00159633
1.96	1.96	-1.83244e-06
1.96	2	0.0016
1.98	0	3.9204
1.98	0.04	3.7636
1.98	0.08	3.61
1.98	0.12	3.4596
1.98	0.16	3.3124
1.98	0.2	3.16839
1.98	0.24	3.02759
1.98	0.28	2.88999
1.98	0.32	2.75559
1.98	0.36	2.62439
1.98	0.4	2.49639
1.98	0.44	2.37159
1.98	0.48	2.24999
1.98	0.52	2.13159
1.98	0.56	2.01639
1.98	0.6	1.90439
1.98	0.64	1.79559
1.98	0.68	1.68999
1.98	0.72	1.58759
1.98	0.76	1.48839
1.98	0.8	1.39239
1.98	0.84	1.29958
1.98	0.88	1.20998
1.98	0.92	1.12358
1.98	0.96	1.04038
1.98	1	0.960384
1.98	1.04	0.883585
1.98	1.08	0.809985
1.98	1.12	0.739585
1.98	1.16	0.672385
1.98	1.2	0.608385
1.98	1.24	0.547586
1.98	1.28	0.489986
1.98	1.32	0.435587
1.98	1.36	0.384387
1.98	1.4	0.336388
1.98	1.44	0.291588
1.98	1.48	0.249989
1.98	1.52	0.21159
1.98	1.56	0.17639
1.98	1.6	0.144391
1.98	1.64	0.115592
1.98	1.68	0.0899929
1.98	1.72	0.0675937
1.98	1.76	0.0483946
1.98	1.8	0.0323955
1.98	1.84	0.0195963
1.98	1.88	0.00999725
1.98	1.92	0.00359817
1.98	1.96	0.000399084
1.98	2	0.0004
2	0	4
2	0.04	3.8416
2	0.08	3.6864
2	0.12	3.5344
2	0.16	3.3856
2	0.2	3.24
2	0.24	3.0976
2	0.28	2.9584
2	0.32	2.8224
2	0.36	2.6896
2	0.4	2.56
2	0.44	2.4336
2	0.48	2.3104
2	0.52	2.1904
2	0.56	2.0736
2	0.6	1.96
2	0.64	1.8496
2	0.68	1.7424
2	0.72	1.6384
2	0.76	1.5376
2	0.8	1.44
2	0.84	1.3456
2	0.88	1.2544
2	0.92	1.1664
2	0.96	1.0816
2	1	1
2	1.04	0.9216
2	1.08	0.8464
2	1.12	0.7744
2	1.16	0.7056
2	1.2	0.64
2	1.24	0.5776
2	1.28	0.5184
2	1.32	0.4624
2	1.36	0.4096
2	1.4	0.36
2	1.44	0.3136
2	1.48	0.2704
2	1.52	0.2304
2	1.56	0.1936
2	1.6	0.16
2	1.64	0.1296
2	1.68	0.1024
2	1.72	0.0784
2	1.76	0.0576
2	1.8	0.04
2	1.84	0.0256
2	1.88	0.0144
2	1.92	0.0064
2	1.96	0.0016
2	2	0
